1 0.8000 0.0000 0.0000
2 0.6928 0.4000 0.0000
3 0.4000 0.6928 0.0000
4 0.0000 0.8000 0.0000
5 -0.4000 0.6928 0.0000
6 -0.6928 0.4000 0.0000
7 -0.8000 0.0000 0.0000
8 -0.6928 -0.4000 0.0000
9 -0.4000 -0.6928 0.0000
10 -0.0000 -0.8000 0.0000
11 0.4000 -0.6928 0.0000
12 0.6928 -0.4000 0.0000
13 0.8000 0.0000 2.0000
14 0.6928 0.4000 2.0000
15 0.4000 0.6928 2.0000
16 0.0000 0.8000 2.0000
17 -0.4000 0.6928 2.0000
18 -0.6928 0.4000 2.0000
19 -0.8000 0.0000 2.0000
20 -0.6928 -0.4000 2.0000
21 -0.4000 -0.6928 2.0000
22 -0.0000 -0.8000 2.0000
23 0.4000 -0.6928 2.0000
24 0.6928 -0.4000 2.0000
25 0.7000 0.0000 2.0000
26 0.6062 0.3500 2.0000
27 0.3500 0.6062 2.0000
28 0.0000 0.7000 2.0000
29 0.0000 0.0000 3.4000
30 0.0000 1.0000 3.4000
31 -0.7000 0.0000 2.0000
32 -0.6062 -0.3500 2.0000
33 -0.3500 -0.6062 2.0000
34 -0.0000 -0.7000 2.0000
35 0.3500 -0.6062 2.0000
36 0.6062 -0.3500 2.0000
37 0.7000 0.0000 2.6000
38 0.6062 0.3500 2.6000
39 0.3500 0.6062 2.6000
40 0.0000 0.7000 2.6000
41 -0.3500 0.6062 2.6000
42 -0.6062 0.3500 2.6000
43 -0.7000 0.0000 2.6000
44 -0.6062 -0.3500 2.6000
45 -0.3500 -0.6062 2.6000
46 -0.0000 -0.7000 2.6000
47 0.3500 -0.6062 2.6000
48 0.6062 -0.3500 2.6000
49 -0.4000 0.1500 2.6000
50 0.4000 0.1500 2.6000
51 0.4000 0.3500 2.6000
52 -0.4000 0.3500 2.6000
53 -0.4000 0.1500 4.0000
54 0.4000 0.1500 4.0000
55 0.4000 0.3500 4.0000
56 -0.4000 0.3500 4.0000
57 -0.4000 -0.1500 2.6000
58 0.4000 -0.1500 2.6000
59 0.4000 -0.3500 2.6000
60 -0.4000 -0.3500 2.6000
61 -0.4000 -0.1500 4.0000
62 0.4000 -0.1500 4.0000
63 0.4000 -0.3500 4.0000
64 -0.4000 -0.3500 4.0000
98 0.0000 0.0000 0.0000
99 0.0000 0.0000 1.0000
101 0.5000 0.1200 3.4000
102 0.3536 0.1200 3.7536
103 0.0000 0.1200 3.9000
104 -0.3536 0.1200 3.7536
105 -0.5000 0.1200 3.4000
106 -0.3536 0.1200 3.0464
107 -0.0000 0.1200 2.9000
108 0.3536 0.1200 3.0464
109 0.5000 -0.1200 3.4000
110 0.3536 -0.1200 3.7536
111 0.0000 -0.1200 3.9000
112 -0.3536 -0.1200 3.7536
113 -0.5000 -0.1200 3.4000
114 -0.3536 -0.1200 3.0464
115 -0.0000 -0.1200 2.9000
116 0.3536 -0.1200 3.0464
117 1.0500 0.1200 7.5000
118 0.9182 0.1200 7.8182
119 0.6000 0.1200 7.9500
120 0.2818 0.1200 7.8182
121 0.1500 0.1200 7.5000
122 0.2818 0.1200 7.1818
123 0.6000 0.1200 7.0500
124 0.9182 0.1200 7.1818
125 1.0500 -0.1200 7.5000
126 0.9182 -0.1200 7.8182
127 0.6000 -0.1200 7.9500
128 0.2818 -0.1200 7.8182
129 0.1500 -0.1200 7.5000
130 0.2818 -0.1200 7.1818
131 0.6000 -0.1200 7.0500
132 0.9182 -0.1200 7.1818
139 0.6000 0.0000 7.5000
140 0.6000 1.0000 7.5000
201 1.0000 0.1500 7.5000
202 0.8828 0.1500 7.7828
203 0.6000 0.1500 7.9000
204 0.3172 0.1500 7.7828
205 0.2000 0.1500 7.5000
206 0.3172 0.1500 7.2172
207 0.6000 0.1500 7.1000
208 0.8828 0.1500 7.2172
209 1.0000 -0.1500 7.5000
210 0.8828 -0.1500 7.7828
211 0.6000 -0.1500 7.9000
212 0.3172 -0.1500 7.7828
213 0.2000 -0.1500 7.5000
214 0.3172 -0.1500 7.2172
215 0.6000 -0.1500 7.1000
216 0.8828 -0.1500 7.2172
217 2.7200 0.1000 7.5000
218 2.6556 0.1000 7.6556
219 2.5000 0.1000 7.7200
220 2.3444 0.1000 7.6556
221 2.2800 0.1000 7.5000
222 2.3444 0.1000 7.3444
223 2.5000 0.1000 7.2800
224 2.6556 0.1000 7.3444
225 2.7200 -0.1000 7.5000
226 2.6556 -0.1000 7.6556
227 2.5000 -0.1000 7.7200
228 2.3444 -0.1000 7.6556
229 2.2800 -0.1000 7.5000
230 2.3444 -0.1000 7.3444
231 2.5000 -0.1000 7.2800
232 2.6556 -0.1000 7.3444
300 2.8000 0.3000 7.5000
301 2.8000 0.3000 7.6000
302 2.8000 0.0000 7.6000
303 3.2000 0.0000 7.6000
304 3.6000 -0.3000 7.6000
305 3.5000 -0.5000 7.6000
306 3.1000 0.3000 7.6000
307 2.8000 0.3000 7.4000
308 2.8000 0.0000 7.4000
309 3.2000 0.0000 7.4000
310 3.6000 -0.3000 7.4000
311 3.5000 -0.5000 7.4000
312 3.1000 0.3000 7.4000
319 2.8000 0.3000 8.5000
320 2.8000 -0.3000 7.5000
321 2.8000 -0.3000 7.6000
322 2.8000 0.0000 7.6000
323 3.2000 0.0000 7.6000
324 3.6000 0.3000 7.6000
325 3.5000 0.5000 7.6000
326 3.1000 -0.3000 7.6000
327 2.8000 -0.3000 7.4000
328 2.8000 0.0000 7.4000
329 3.2000 0.0000 7.4000
330 3.6000 0.3000 7.4000
331 3.5000 0.5000 7.4000
332 3.1000 -0.3000 7.4000
339 2.8000 -0.3000 8.5000
Faces:
1 2 14 13.
2 3 15 14.
3 4 16 15.
4 5 17 16.
5 6 18 17.
6 7 19 18.
7 8 20 19.
8 9 21 20.
9 10 22 21.
10 11 23 22.
11 12 24 23.
12 1 13 24.
12 11 10 9 8 7 6 5 4 3 2 1.
25 26 38 37.
26 27 39 38.
27 28 40 39.
28 29 41 40.
29 30 42 41.
30 31 43 42.
31 32 44 43.
32 33 45 44.
33 34 46 45.
34 35 47 46.
35 36 48 47.
36 25 37 48.
49 50 54 53.
51 52 56 55.
50 51 55 54.
52 49 53 56.
53 54 55 56.
57 58 62 61.
59 60 64 63.
58 59 63 62.
60 57 61 64.
61 62 63 64.
101 102 110 109.
102 103 111 110.
103 104 112 111.
104 105 113 112.
105 106 114 113.
106 107 115 114.
107 108 116 115.
108 101 109 116.
117 118 126 125.
118 119 127 126.
119 120 128 127.
120 121 129 128.
121 122 130 129.
122 123 131 130.
123 124 132 131.
124 117 125 132.
102 106 120 118.
110 114 128 126.
102 110 126 118.
106 114 128 120.
201 202 210 209.
202 203 211 210.
203 204 212 211.
204 205 213 212.
205 206 214 213.
206 207 215 214.
207 208 216 215.
208 201 209 216.
217 218 226 225.
218 219 227 226.
219 220 228 227.
220 221 229 228.
221 222 230 229.
222 223 231 230.
223 224 232 231.
224 217 225 232.
203 207 223 219.
211 215 231 227.
203 211 227 219.
207 215 231 223.
301 302 303 304 305 306.
312 311 310 309 308 307.
301 307 308 302.
302 308 309 303.
303 309 310 304.
304 310 311 305.
305 311 312 306.
306 312 307 301.
326 325 324 323 322 321.
327 328 329 330 331 332.
321 322 328 327.
322 323 329 328.
323 324 330 329.
324 330 331 325.
325 331 332 326.
326 332 327 321.
